-2.00000000e+00 -1.08174285e-02 -2.00000000e+00 -9.18257153e-01 
-1.99000000e+00 -1.08084194e-02 -1.99000000e+00 -9.09158063e-01 
-1.98000000e+00 -1.07994103e-02 -1.98000000e+00 -9.00058974e-01 
-1.97000000e+00 -1.07904011e-02 -1.97000000e+00 -8.90959885e-01 
-1.96000000e+00 -1.07813920e-02 -1.96000000e+00 -8.81860797e-01 
-1.95000000e+00 -1.07723829e-02 -1.95000000e+00 -8.72761709e-01 
-1.94000000e+00 -1.07633738e-02 -1.94000000e+00 -8.63662622e-01 
-1.93000000e+00 -1.07543646e-02 -1.93000000e+00 -8.54563535e-01 
-1.92000000e+00 -1.07453555e-02 -1.92000000e+00 -8.45464449e-01 
-1.91000000e+00 -1.07363464e-02 -1.91000000e+00 -8.36365364e-01 
-1.90000000e+00 -1.07273372e-02 -1.90000000e+00 -8.27266279e-01 
-1.89000000e+00 -1.07183281e-02 -1.89000000e+00 -8.18167195e-01 
-1.88000000e+00 -1.07093189e-02 -1.88000000e+00 -8.09068112e-01 
-1.87000000e+00 -1.07003097e-02 -1.87000000e+00 -7.99969029e-01 
-1.86000000e+00 -1.06913005e-02 -1.86000000e+00 -7.90869948e-01 
-1.85000000e+00 -1.06822913e-02 -1.85000000e+00 -7.81770867e-01 
-1.84000000e+00 -1.06732821e-02 -1.84000000e+00 -7.72671788e-01 
-1.83000000e+00 -1.06642729e-02 -1.83000000e+00 -7.63572710e-01 
-1.82000000e+00 -1.06552637e-02 -1.82000000e+00 -7.54473632e-01 
-1.81000000e+00 -1.06462544e-02 -1.81000000e+00 -7.45374556e-01 
-1.80000000e+00 -1.06372452e-02 -1.80000000e+00 -7.36275482e-01 
-1.79000000e+00 -1.06282359e-02 -1.79000000e+00 -7.27176409e-01 
-1.78000000e+00 -1.06192266e-02 -1.78000000e+00 -7.18077337e-01 
-1.77000000e+00 -1.06102173e-02 -1.77000000e+00 -7.08978267e-01 
-1.76000000e+00 -1.06012080e-02 -1.76000000e+00 -6.99879199e-01 
-1.75000000e+00 -1.05921987e-02 -1.75000000e+00 -6.90780133e-01 
-1.74000000e+00 -1.05831893e-02 -1.74000000e+00 -6.81681069e-01 
-1.73000000e+00 -1.05741799e-02 -1.73000000e+00 -6.72582007e-01 
-1.72000000e+00 -1.05651705e-02 -1.72000000e+00 -6.63482947e-01 
-1.71000000e+00 -1.05561611e-02 -1.71000000e+00 -6.54383890e-01 
-1.70000000e+00 -1.05471516e-02 -1.70000000e+00 -6.45284837e-01 
-1.69000000e+00 -1.05381421e-02 -1.69000000e+00 -6.36185786e-01 
-1.68000000e+00 -1.05291326e-02 -1.68000000e+00 -6.27086738e-01 
-1.67000000e+00 -1.05201231e-02 -1.67000000e+00 -6.17987695e-01 
-1.66000000e+00 -1.05111135e-02 -1.66000000e+00 -6.08888655e-01 
-1.65000000e+00 -1.05021038e-02 -1.65000000e+00 -5.99789620e-01 
-1.64000000e+00 -1.04930941e-02 -1.64000000e+00 -5.90690589e-01 
-1.63000000e+00 -1.04840844e-02 -1.63000000e+00 -5.81591564e-01 
-1.62000000e+00 -1.04750746e-02 -1.62000000e+00 -5.72492545e-01 
-1.61000000e+00 -1.04660647e-02 -1.61000000e+00 -5.63393532e-01 
-1.60000000e+00 -1.04570547e-02 -1.60000000e+00 -5.54294526e-01 
-1.59000000e+00 -1.04480447e-02 -1.59000000e+00 -5.45195528e-01 
-1.58000000e+00 -1.04390346e-02 -1.58000000e+00 -5.36096538e-01 
-1.57000000e+00 -1.04300244e-02 -1.57000000e+00 -5.26997558e-01 
-1.56000000e+00 -1.04210141e-02 -1.56000000e+00 -5.17898589e-01 
-1.55000000e+00 -1.04120037e-02 -1.55000000e+00 -5.08799631e-01 
-1.54000000e+00 -1.04029931e-02 -1.54000000e+00 -4.99700687e-01 
-1.53000000e+00 -1.03939824e-02 -1.53000000e+00 -4.90601757e-01 
-1.52000000e+00 -1.03849716e-02 -1.52000000e+00 -4.81502844e-01 
-1.51000000e+00 -1.03759605e-02 -1.51000000e+00 -4.72403949e-01 
-1.50000000e+00 -1.03669492e-02 -1.50000000e+00 -4.63305076e-01 
-1.49000000e+00 -1.03579377e-02 -1.49000000e+00 -4.54206226e-01 
-1.48000000e+00 -1.03489260e-02 -1.48000000e+00 -4.45107404e-01 
-1.47000000e+00 -1.03399139e-02 -1.47000000e+00 -4.36008612e-01 
-1.46000000e+00 -1.03309014e-02 -1.46000000e+00 -4.26909855e-01 
-1.45000000e+00 -1.03218886e-02 -1.45000000e+00 -4.17811139e-01 
-1.44000000e+00 -1.03128753e-02 -1.44000000e+00 -4.08712469e-01 
-1.43000000e+00 -1.03038615e-02 -1.43000000e+00 -3.99613852e-01 
-1.42000000e+00 -1.02948470e-02 -1.42000000e+00 -3.90515299e-01 
-1.41000000e+00 -1.02858318e-02 -1.41000000e+00 -3.81416818e-01 
-1.40000000e+00 -1.02768158e-02 -1.40000000e+00 -3.72318422e-01 
-1.39000000e+00 -1.02677987e-02 -1.39000000e+00 -3.63220127e-01 
-1.38000000e+00 -1.02587805e-02 -1.38000000e+00 -3.54121952e-01 
-1.37000000e+00 -1.02497608e-02 -1.37000000e+00 -3.45023918e-01 
-1.36000000e+00 -1.02407394e-02 -1.36000000e+00 -3.35926056e-01 
-1.35000000e+00 -1.02317160e-02 -1.35000000e+00 -3.26828400e-01 
-1.34000000e+00 -1.02226900e-02 -1.34000000e+00 -3.17730995e-01 
-1.33000000e+00 -1.02136610e-02 -1.33000000e+00 -3.08633899e-01 
-1.32000000e+00 -1.02046281e-02 -1.32000000e+00 -2.99537185e-01 
-1.31000000e+00 -1.01955905e-02 -1.31000000e+00 -2.90440949e-01 
-1.30000000e+00 -1.01865468e-02 -1.30000000e+00 -2.81345316e-01 
-1.29000000e+00 -1.01774955e-02 -1.29000000e+00 -2.72250454e-01 
-1.28000000e+00 -1.01684343e-02 -1.28000000e+00 -2.63156572e-01 
-1.27000000e+00 -1.01593631e-02 -1.27000000e+00 -2.54063687e-01 
-1.26000000e+00 -1.01502809e-02 -1.26000000e+00 -2.44971910e-01 
-1.25000000e+00 -1.01411856e-02 -1.25000000e+00 -2.35881438e-01 
-1.24000000e+00 -1.01320750e-02 -1.24000000e+00 -2.26792503e-01 
-1.23000000e+00 -1.01229462e-02 -1.23000000e+00 -2.17705377e-01 
-1.22000000e+00 -1.01137962e-02 -1.22000000e+00 -2.08620382e-01 
-1.21000000e+00 -1.01046211e-02 -1.21000000e+00 -1.99537895e-01 
-1.20000000e+00 -1.00954164e-02 -1.20000000e+00 -1.90458360e-01 
-1.19000000e+00 -1.00861770e-02 -1.19000000e+00 -1.81382300e-01 
-1.18000000e+00 -1.00768967e-02 -1.18000000e+00 -1.72310326e-01 
-1.17000000e+00 -1.00675684e-02 -1.17000000e+00 -1.63243158e-01 
-1.16000000e+00 -1.00581836e-02 -1.16000000e+00 -1.54181640e-01 
-1.15000000e+00 -1.00487324e-02 -1.15000000e+00 -1.45126760e-01 
-1.14000000e+00 -1.00392032e-02 -1.14000000e+00 -1.36079676e-01 
-1.13000000e+00 -1.00295826e-02 -1.13000000e+00 -1.27041742e-01 
-1.12000000e+00 -1.00198546e-02 -1.12000000e+00 -1.18014538e-01 
-1.11000000e+00 -1.00100009e-02 -1.11000000e+00 -1.08999909e-01 
-1.10000000e+00 -1.00000000e-02 -1.10000000e+00 -1.00000000e-01 
-1.09000000e+00 -9.98982698e-03 -1.09000000e+00 -9.10173018e-02 
-1.08000000e+00 -9.97945300e-03 -1.08000000e+00 -8.20547004e-02 
-1.07000000e+00 -9.96884472e-03 -1.07000000e+00 -7.31155282e-02 
-1.06000000e+00 -9.95796380e-03 -1.06000000e+00 -6.42036199e-02 
-1.05000000e+00 -9.94676630e-03 -1.05000000e+00 -5.53233704e-02 
-1.04000000e+00 -9.93520207e-03 -1.04000000e+00 -4.64797931e-02 
-1.03000000e+00 -9.92321425e-03 -1.03000000e+00 -3.76785750e-02 
-1.02000000e+00 -9.91073873e-03 -1.02000000e+00 -2.89261271e-02 
-1.01000000e+00 -9.89770376e-03 -1.01000000e+00 -2.02296236e-02 
-1.00000000e+00 -9.88402975e-03 -1.00000000e+00 -1.15970253e-02 
-9.90000000e-01 -9.86962918e-03 -9.90000000e-01 -3.03708162e-03 
-9.80000000e-01 -9.85440697e-03 -9.80000000e-01  5.44069722e-03 
-9.70000000e-01 -9.83826103e-03 -9.70000000e-01  1.38261026e-02 
-9.60000000e-01 -9.82108331e-03 -9.60000000e-01  2.21083312e-02 
-9.50000000e-01 -9.80276134e-03 -9.50000000e-01  3.02761339e-02 
-9.40000000e-01 -9.78318009e-03 -9.40000000e-01  3.83180091e-02 
-9.30000000e-01 -9.76222439e-03 -9.30000000e-01  4.62224386e-02 
-9.20000000e-01 -9.73978155e-03 -9.20000000e-01  5.39781555e-02 
-9.10000000e-01 -9.71574433e-03 -9.10000000e-01  6.15744334e-02 
-9.00000000e-01 -9.69001377e-03 -9.00000000e-01  6.90013773e-02 
-8.90000000e-01 -9.66250198e-03 -8.90000000e-01  7.62501979e-02 
-8.80000000e-01 -9.63313450e-03 -8.80000000e-01  8.33134497e-02 
-8.70000000e-01 -9.60185216e-03 -8.70000000e-01  9.01852160e-02 
-8.60000000e-01 -9.56861228e-03 -8.60000000e-01  9.68612281e-02 
-8.50000000e-01 -9.53338914e-03 -8.50000000e-01  1.03338914e-01 
-8.40000000e-01 -9.49617377e-03 -8.40000000e-01  1.09617377e-01 
-8.30000000e-01 -9.45697312e-03 -8.30000000e-01  1.15697312e-01 
-8.20000000e-01 -9.41580869e-03 -8.20000000e-01  1.21580869e-01 
-8.10000000e-01 -9.37271485e-03 -8.10000000e-01  1.27271485e-01 
-8.00000000e-01 -9.32773685e-03 -8.00000000e-01  1.32773685e-01 
-7.90000000e-01 -9.28092884e-03 -7.90000000e-01  1.38092884e-01 
-7.80000000e-01 -9.23235186e-03 -7.80000000e-01  1.43235186e-01 
-7.70000000e-01 -9.18207200e-03 -7.70000000e-01  1.48207200e-01 
-7.60000000e-01 -9.13015868e-03 -7.60000000e-01  1.53015868e-01 
-7.50000000e-01 -9.07668322e-03 -7.50000000e-01  1.57668322e-01 
-7.40000000e-01 -9.02171757e-03 -7.40000000e-01  1.62171757e-01 
-7.30000000e-01 -8.96533329e-03 -7.30000000e-01  1.66533329e-01 
-7.20000000e-01 -8.90760076e-03 -7.20000000e-01  1.70760076e-01 
-7.10000000e-01 -8.84858852e-03 -7.10000000e-01  1.74858852e-01 
-7.00000000e-01 -8.78836285e-03 -7.00000000e-01  1.78836285e-01 
-6.90000000e-01 -8.72698742e-03 -6.90000000e-01  1.82698742e-01 
-6.80000000e-01 -8.66452307e-03 -6.80000000e-01  1.86452307e-01 
-6.70000000e-01 -8.60102772e-03 -6.70000000e-01  1.90102772e-01 
-6.60000000e-01 -8.53655628e-03 -6.60000000e-01  1.93655628e-01 
-6.50000000e-01 -8.47116072e-03 -6.50000000e-01  1.97116072e-01 
-6.40000000e-01 -8.40489007e-03 -6.40000000e-01  2.00489007e-01 
-6.30000000e-01 -8.33779053e-03 -6.30000000e-01  2.03779053e-01 
-6.20000000e-01 -8.26990557e-03 -6.20000000e-01  2.06990557e-01 
-6.10000000e-01 -8.20127604e-03 -6.10000000e-01  2.10127604e-01 
-6.00000000e-01 -8.13194032e-03 -6.00000000e-01  2.13194032e-01 
-5.90000000e-01 -8.06193444e-03 -5.90000000e-01  2.16193444e-01 
-5.80000000e-01 -7.99129219e-03 -5.80000000e-01  2.19129219e-01 
-5.70000000e-01 -7.92004529e-03 -5.70000000e-01  2.22004529e-01 
-5.60000000e-01 -7.84822353e-03 -5.60000000e-01  2.24822353e-01 
-5.50000000e-01 -7.77585482e-03 -5.50000000e-01  2.27585482e-01 
-5.40000000e-01 -7.70296540e-03 -5.40000000e-01  2.30296540e-01 
-5.30000000e-01 -7.62957988e-03 -5.30000000e-01  2.32957988e-01 
-5.20000000e-01 -7.55572140e-03 -5.20000000e-01  2.35572140e-01 
-5.10000000e-01 -7.48141171e-03 -5.10000000e-01  2.38141171e-01 
-5.00000000e-01 -7.40667123e-03 -5.00000000e-01  2.40667123e-01 
-4.90000000e-01 -7.33151919e-03 -4.90000000e-01  2.43151919e-01 
-4.80000000e-01 -7.25597371e-03 -4.80000000e-01  2.45597371e-01 
-4.70000000e-01 -7.18005184e-03 -4.70000000e-01  2.48005184e-01 
-4.60000000e-01 -7.10376963e-03 -4.60000000e-01  2.50376963e-01 
-4.50000000e-01 -7.02714225e-03 -4.50000000e-01  2.52714225e-01 
-4.40000000e-01 -6.95018400e-03 -4.40000000e-01  2.55018400e-01 
-4.30000000e-01 -6.87290839e-03 -4.30000000e-01  2.57290839e-01 
-4.20000000e-01 -6.79532818e-03 -4.20000000e-01  2.59532818e-01 
-4.10000000e-01 -6.71745544e-03 -4.10000000e-01  2.61745544e-01 
-4.00000000e-01 -6.63930159e-03 -4.00000000e-01  2.63930159e-01 
-3.90000000e-01 -6.56087745e-03 -3.90000000e-01  2.66087745e-01 
-3.80000000e-01 -6.48219326e-03 -3.80000000e-01  2.68219326e-01 
-3.70000000e-01 -6.40325873e-03 -3.70000000e-01  2.70325873e-01 
-3.60000000e-01 -6.32408309e-03 -3.60000000e-01  2.72408309e-01 
-3.50000000e-01 -6.24467508e-03 -3.50000000e-01  2.74467508e-01 
-3.40000000e-01 -6.16504301e-03 -3.40000000e-01  2.76504301e-01 
-3.30000000e-01 -6.08519480e-03 -3.30000000e-01  2.78519480e-01 
-3.20000000e-01 -6.00513795e-03 -3.20000000e-01  2.80513795e-01 
-3.10000000e-01 -5.92487962e-03 -3.10000000e-01  2.82487962e-01 
-3.00000000e-01 -5.84442662e-03 -3.00000000e-01  2.84442662e-01 
-2.90000000e-01 -5.76378545e-03 -2.90000000e-01  2.86378545e-01 
-2.80000000e-01 -5.68296230e-03 -2.80000000e-01  2.88296230e-01 
-2.70000000e-01 -5.60196308e-03 -2.70000000e-01  2.90196308e-01 
-2.60000000e-01 -5.52079342e-03 -2.60000000e-01  2.92079342e-01 
-2.50000000e-01 -5.43945871e-03 -2.50000000e-01  2.93945871e-01 
-2.40000000e-01 -5.35796409e-03 -2.40000000e-01  2.95796409e-01 
-2.30000000e-01 -5.27631450e-03 -2.30000000e-01  2.97631450e-01 
-2.20000000e-01 -5.19451464e-03 -2.20000000e-01  2.99451464e-01 
-2.10000000e-01 -5.11256901e-03 -2.10000000e-01  3.01256901e-01 
-2.00000000e-01 -5.03048194e-03 -2.00000000e-01  3.03048194e-01 
-1.90000000e-01 -4.94825755e-03 -1.90000000e-01  3.04825755e-01 
-1.80000000e-01 -4.86589983e-03 -1.80000000e-01  3.06589983e-01 
-1.70000000e-01 -4.78341256e-03 -1.70000000e-01  3.08341256e-01 
-1.60000000e-01 -4.70079940e-03 -1.60000000e-01  3.10079940e-01 
-1.50000000e-01 -4.61806386e-03 -1.50000000e-01  3.11806386e-01 
-1.40000000e-01 -4.53520930e-03 -1.40000000e-01  3.13520930e-01 
-1.30000000e-01 -4.45223896e-03 -1.30000000e-01  3.15223896e-01 
-1.20000000e-01 -4.36915594e-03 -1.20000000e-01  3.16915594e-01 
-1.10000000e-01 -4.28596324e-03 -1.10000000e-01  3.18596324e-01 
-1.00000000e-01 -4.20266373e-03 -1.00000000e-01  3.20266373e-01 
-9.00000000e-02 -4.11926019e-03 -9.00000000e-02  3.21926019e-01 
-8.00000000e-02 -4.03575528e-03 -8.00000000e-02  3.23575528e-01 
-7.00000000e-02 -3.95215157e-03 -7.00000000e-02  3.25215157e-01 
-6.00000000e-02 -3.86845155e-03 -6.00000000e-02  3.26845155e-01 
-5.00000000e-02 -3.78465759e-03 -5.00000000e-02  3.28465759e-01 
-4.00000000e-02 -3.70077201e-03 -4.00000000e-02  3.30077201e-01 
-3.00000000e-02 -3.61679702e-03 -3.00000000e-02  3.31679702e-01 
-2.00000000e-02 -3.53273478e-03 -2.00000000e-02  3.33273478e-01 
-1.00000000e-02 -3.44858734e-03 -1.00000000e-02  3.34858734e-01 
 1.64104841e-15 -3.36435673e-03  1.64104841e-15  3.36435673e-01 
 1.00000000e-02 -3.28004486e-03  1.00000000e-02  3.38004486e-01 
 2.00000000e-02 -3.19565361e-03  2.00000000e-02  3.39565361e-01 
 3.00000000e-02 -3.11118478e-03  3.00000000e-02  3.41118478e-01 
 4.00000000e-02 -3.02664013e-03  4.00000000e-02  3.42664013e-01 
 5.00000000e-02 -2.94202134e-03  5.00000000e-02  3.44202134e-01 
 6.00000000e-02 -2.85733006e-03  6.00000000e-02  3.45733006e-01 
 7.00000000e-02 -2.77256787e-03  7.00000000e-02  3.47256787e-01 
 8.00000000e-02 -2.68773630e-03  8.00000000e-02  3.48773630e-01 
 9.00000000e-02 -2.60283684e-03  9.00000000e-02  3.50283684e-01 
 1.00000000e-01 -2.51787093e-03  1.00000000e-01  3.51787093e-01 
 1.10000000e-01 -2.43283998e-03  1.10000000e-01  3.53283998e-01 
 1.20000000e-01 -2.34774533e-03  1.20000000e-01  3.54774533e-01 
 1.30000000e-01 -2.26258830e-03  1.30000000e-01  3.56258830e-01 
 1.40000000e-01 -2.17737017e-03  1.40000000e-01  3.57737017e-01 
 1.50000000e-01 -2.09209216e-03  1.50000000e-01  3.59209216e-01 
 1.60000000e-01 -2.00675549e-03  1.60000000e-01  3.60675549e-01 
 1.70000000e-01 -1.92136132e-03  1.70000000e-01  3.62136132e-01 
 1.80000000e-01 -1.83591078e-03  1.80000000e-01  3.63591078e-01 
 1.90000000e-01 -1.75040498e-03  1.90000000e-01  3.65040498e-01 
 2.00000000e-01 -1.66484498e-03  2.00000000e-01  3.66484498e-01 
 2.10000000e-01 -1.57923181e-03  2.10000000e-01  3.67923181e-01 
 2.20000000e-01 -1.49356650e-03  2.20000000e-01  3.69356650e-01 
 2.30000000e-01 -1.40785003e-03  2.30000000e-01  3.70785003e-01 
 2.40000000e-01 -1.32208334e-03  2.40000000e-01  3.72208334e-01 
 2.50000000e-01 -1.23626738e-03  2.50000000e-01  3.73626738e-01 
 2.60000000e-01 -1.15040304e-03  2.60000000e-01  3.75040304e-01 
 2.70000000e-01 -1.06449120e-03  2.70000000e-01  3.76449120e-01 
 2.80000000e-01 -9.78532733e-04  2.80000000e-01  3.77853273e-01 
 2.90000000e-01 -8.92528461e-04  2.90000000e-01  3.79252846e-01 
 3.00000000e-01 -8.06479200e-04  3.00000000e-01  3.80647920e-01 
 3.10000000e-01 -7.20385742e-04  3.10000000e-01  3.82038574e-01 
 3.20000000e-01 -6.34248861e-04  3.20000000e-01  3.83424886e-01 
 3.30000000e-01 -5.48069308e-04  3.30000000e-01  3.84806931e-01 
 3.40000000e-01 -4.61847817e-04  3.40000000e-01  3.86184782e-01 
 3.50000000e-01 -3.75585102e-04  3.50000000e-01  3.87558510e-01 
 3.60000000e-01 -2.89281861e-04  3.60000000e-01  3.88928186e-01 
 3.70000000e-01 -2.02938774e-04  3.70000000e-01  3.90293877e-01 
 3.80000000e-01 -1.16556505e-04  3.80000000e-01  3.91655650e-01 
 3.90000000e-01 -3.01357005e-05  3.90000000e-01  3.93013570e-01 
 4.00000000e-01  5.63230069e-05  4.00000000e-01  3.94367699e-01 
 4.10000000e-01  1.42819001e-04  4.10000000e-01  3.95718100e-01 
 4.20000000e-01  2.29351679e-04  4.20000000e-01  3.97064832e-01 
 4.30000000e-01  3.15920454e-04  4.30000000e-01  3.98407955e-01 
 4.40000000e-01  4.02524751e-04  4.40000000e-01  3.99747525e-01 
 4.50000000e-01  4.89164009e-04  4.50000000e-01  4.01083599e-01 
 4.60000000e-01  5.75837681e-04  4.60000000e-01  4.02416232e-01 
 4.70000000e-01  6.62545232e-04  4.70000000e-01  4.03745477e-01 
 4.80000000e-01  7.49286137e-04  4.80000000e-01  4.05071386e-01 
 4.90000000e-01  8.36059886e-04  4.90000000e-01  4.06394011e-01 
 5.00000000e-01  9.22865978e-04  5.00000000e-01  4.07713402e-01 
 5.10000000e-01  1.00970393e-03  5.10000000e-01  4.09029607e-01 
 5.20000000e-01  1.09657325e-03  5.20000000e-01  4.10342675e-01 
 5.30000000e-01  1.18347348e-03  5.30000000e-01  4.11652652e-01 
 5.40000000e-01  1.27040417e-03  5.40000000e-01  4.12959583e-01 
 5.50000000e-01  1.35736486e-03  5.50000000e-01  4.14263514e-01 
 5.60000000e-01  1.44435511e-03  5.60000000e-01  4.15564489e-01 
 5.70000000e-01  1.53137451e-03  5.70000000e-01  4.16862549e-01 
 5.80000000e-01  1.61842262e-03  5.80000000e-01  4.18157738e-01 
 5.90000000e-01  1.70549904e-03  5.90000000e-01  4.19450096e-01 
 6.00000000e-01  1.79260336e-03  6.00000000e-01  4.20739664e-01 
 6.10000000e-01  1.87973520e-03  6.10000000e-01  4.22026480e-01 
 6.20000000e-01  1.96689417e-03  6.20000000e-01  4.23310583e-01 
 6.30000000e-01  2.05407988e-03  6.30000000e-01  4.24592012e-01 
 6.40000000e-01  2.14129198e-03  6.40000000e-01  4.25870802e-01 
 6.50000000e-01  2.22853009e-03  6.50000000e-01  4.27146991e-01 
 6.60000000e-01  2.31579386e-03  6.60000000e-01  4.28420614e-01 
 6.70000000e-01  2.40308295e-03  6.70000000e-01  4.29691705e-01 
 6.80000000e-01  2.49039701e-03  6.80000000e-01  4.30960299e-01 
 6.90000000e-01  2.57773571e-03  6.90000000e-01  4.32226429e-01 
 7.00000000e-01  2.66509871e-03  7.00000000e-01  4.33490129e-01 
 7.10000000e-01  2.75248571e-03  7.10000000e-01  4.34751429e-01 
 7.20000000e-01  2.83989639e-03  7.20000000e-01  4.36010361e-01 
 7.30000000e-01  2.92733042e-03  7.30000000e-01  4.37266958e-01 
 7.40000000e-01  3.01478752e-03  7.40000000e-01  4.38521248e-01 
 7.50000000e-01  3.10226739e-03  7.50000000e-01  4.39773261e-01 
 7.60000000e-01  3.18976972e-03  7.60000000e-01  4.41023028e-01 
 7.70000000e-01  3.27729425e-03  7.70000000e-01  4.42270575e-01 
 7.80000000e-01  3.36484068e-03  7.80000000e-01  4.43515932e-01 
 7.90000000e-01  3.45240874e-03  7.90000000e-01  4.44759126e-01 
 8.00000000e-01  3.53999816e-03  8.00000000e-01  4.46000184e-01 
 8.10000000e-01  3.62760867e-03  8.10000000e-01  4.47239133e-01 
 8.20000000e-01  3.71524001e-03  8.20000000e-01  4.48475999e-01 
 8.30000000e-01  3.80289194e-03  8.30000000e-01  4.49710806e-01 
 8.40000000e-01  3.89056419e-03  8.40000000e-01  4.50943581e-01 
 8.50000000e-01  3.97825651e-03  8.50000000e-01  4.52174349e-01 
 8.60000000e-01  4.06596868e-03  8.60000000e-01  4.53403132e-01 
 8.70000000e-01  4.15370044e-03  8.70000000e-01  4.54629956e-01 
 8.80000000e-01  4.24145156e-03  8.80000000e-01  4.55854844e-01 
 8.90000000e-01  4.32922182e-03  8.90000000e-01  4.57077818e-01 
 9.00000000e-01  4.41701099e-03  9.00000000e-01  4.58298901e-01 
 9.10000000e-01  4.50481884e-03  9.10000000e-01  4.59518116e-01 
 9.20000000e-01  4.59264517e-03  9.20000000e-01  4.60735483e-01 
 9.30000000e-01  4.68048974e-03  9.30000000e-01  4.61951026e-01 
 9.40000000e-01  4.76835236e-03  9.40000000e-01  4.63164764e-01 
 9.50000000e-01  4.85623282e-03  9.50000000e-01  4.64376718e-01 
 9.60000000e-01  4.94413091e-03  9.60000000e-01  4.65586909e-01 
 9.70000000e-01  5.03204643e-03  9.70000000e-01  4.66795357e-01 
 9.80000000e-01  5.11997918e-03  9.80000000e-01  4.68002082e-01 
 9.90000000e-01  5.20792898e-03  9.90000000e-01  4.69207102e-01 
 1.00000000e+00  5.29589563e-03  1.00000000e+00  4.70410437e-01 
 1.01000000e+00  5.38387895e-03  1.01000000e+00  4.71612105e-01 
 1.02000000e+00  5.47187874e-03  1.02000000e+00  4.72812126e-01 
 1.03000000e+00  5.55989483e-03  1.03000000e+00  4.74010517e-01 
 1.04000000e+00  5.64792705e-03  1.04000000e+00  4.75207295e-01 
 1.05000000e+00  5.73597520e-03  1.05000000e+00  4.76402480e-01 
 1.06000000e+00  5.82403914e-03  1.06000000e+00  4.77596086e-01 
 1.07000000e+00  5.91211867e-03  1.07000000e+00  4.78788133e-01 
 1.08000000e+00  6.00021364e-03  1.08000000e+00  4.79978636e-01 
 1.09000000e+00  6.08832388e-03  1.09000000e+00  4.81167612e-01 
 1.10000000e+00  6.17644923e-03  1.10000000e+00  4.82355077e-01 
 1.11000000e+00  6.26458954e-03  1.11000000e+00  4.83541046e-01 
 1.12000000e+00  6.35274463e-03  1.12000000e+00  4.84725537e-01 
 1.13000000e+00  6.44091436e-03  1.13000000e+00  4.85908564e-01 
 1.14000000e+00  6.52909858e-03  1.14000000e+00  4.87090142e-01 
 1.15000000e+00  6.61729714e-03  1.15000000e+00  4.88270286e-01 
 1.16000000e+00  6.70550988e-03  1.16000000e+00  4.89449012e-01 
 1.17000000e+00  6.79373667e-03  1.17000000e+00  4.90626333e-01 
 1.18000000e+00  6.88197737e-03  1.18000000e+00  4.91802263e-01 
 1.19000000e+00  6.97023182e-03  1.19000000e+00  4.92976818e-01 
 1.20000000e+00  7.05849989e-03  1.20000000e+00  4.94150011e-01 
 1.21000000e+00  7.14678145e-03  1.21000000e+00  4.95321855e-01 
 1.22000000e+00  7.23507635e-03  1.22000000e+00  4.96492365e-01 
 1.23000000e+00  7.32338448e-03  1.23000000e+00  4.97661552e-01 
 1.24000000e+00  7.41170569e-03  1.24000000e+00  4.98829431e-01 
 1.25000000e+00  7.50003986e-03  1.25000000e+00  4.99996014e-01 
 1.26000000e+00  7.58838686e-03  1.26000000e+00  5.01161314e-01 
 1.27000000e+00  7.67674656e-03  1.27000000e+00  5.02325344e-01 
 1.28000000e+00  7.76511885e-03  1.28000000e+00  5.03488115e-01 
 1.29000000e+00  7.85350360e-03  1.29000000e+00  5.04649640e-01 
 1.30000000e+00  7.94190069e-03  1.30000000e+00  5.05809931e-01 
 1.31000000e+00  8.03031000e-03  1.31000000e+00  5.06969000e-01 
 1.32000000e+00  8.11873141e-03  1.32000000e+00  5.08126859e-01 
 1.33000000e+00  8.20716482e-03  1.33000000e+00  5.09283518e-01 
 1.34000000e+00  8.29561011e-03  1.34000000e+00  5.10438989e-01 
 1.35000000e+00  8.38406716e-03  1.35000000e+00  5.11593284e-01 
 1.36000000e+00  8.47253587e-03  1.36000000e+00  5.12746413e-01 
 1.37000000e+00  8.56101613e-03  1.37000000e+00  5.13898387e-01 
 1.38000000e+00  8.64950783e-03  1.38000000e+00  5.15049217e-01 
 1.39000000e+00  8.73801086e-03  1.39000000e+00  5.16198914e-01 
 1.40000000e+00  8.82652513e-03  1.40000000e+00  5.17347487e-01 
 1.41000000e+00  8.91505052e-03  1.41000000e+00  5.18494948e-01 
 1.42000000e+00  9.00358694e-03  1.42000000e+00  5.19641306e-01 
 1.43000000e+00  9.09213428e-03  1.43000000e+00  5.20786572e-01 
 1.44000000e+00  9.18069246e-03  1.44000000e+00  5.21930754e-01 
 1.45000000e+00  9.26926136e-03  1.45000000e+00  5.23073864e-01 
 1.46000000e+00  9.35784090e-03  1.46000000e+00  5.24215910e-01 
 1.47000000e+00  9.44643098e-03  1.47000000e+00  5.25356902e-01 
 1.48000000e+00  9.53503151e-03  1.48000000e+00  5.26496849e-01 
 1.49000000e+00  9.62364239e-03  1.49000000e+00  5.27635761e-01 
 1.50000000e+00  9.71226353e-03  1.50000000e+00  5.28773647e-01 
 1.51000000e+00  9.80089485e-03  1.51000000e+00  5.29910515e-01 
 1.52000000e+00  9.88953625e-03  1.52000000e+00  5.31046375e-01 
 1.53000000e+00  9.97818765e-03  1.53000000e+00  5.32181235e-01 
 1.54000000e+00  1.00668490e-02  1.54000000e+00  5.33315104e-01 
 1.55000000e+00  1.01555201e-02  1.55000000e+00  5.34447991e-01 
 1.56000000e+00  1.02442010e-02  1.56000000e+00  5.35579903e-01 
 1.57000000e+00  1.03328915e-02  1.57000000e+00  5.36710850e-01 
 1.58000000e+00  1.04215916e-02  1.58000000e+00  5.37840840e-01 
 1.59000000e+00  1.05103012e-02  1.59000000e+00  5.38969879e-01 
 1.60000000e+00  1.05990202e-02  1.60000000e+00  5.40097978e-01 
 1.61000000e+00  1.06877486e-02  1.61000000e+00  5.41225143e-01 
 1.62000000e+00  1.07764862e-02  1.62000000e+00  5.42351382e-01 
 1.63000000e+00  1.08652330e-02  1.63000000e+00  5.43476704e-01 
 1.64000000e+00  1.09539889e-02  1.64000000e+00  5.44601115e-01 
 1.65000000e+00  1.10427538e-02  1.65000000e+00  5.45724623e-01 
 1.66000000e+00  1.11315276e-02  1.66000000e+00  5.46847235e-01 
 1.67000000e+00  1.12203104e-02  1.67000000e+00  5.47968960e-01 
 1.68000000e+00  1.13091020e-02  1.68000000e+00  5.49089804e-01 
 1.69000000e+00  1.13979023e-02  1.69000000e+00  5.50209774e-01 
 1.70000000e+00  1.14867112e-02  1.70000000e+00  5.51328878e-01 
 1.71000000e+00  1.15755288e-02  1.71000000e+00  5.52447123e-01 
 1.72000000e+00  1.16643549e-02  1.72000000e+00  5.53564514e-01 
 1.73000000e+00  1.17531894e-02  1.73000000e+00  5.54681060e-01 
 1.74000000e+00  1.18420323e-02  1.74000000e+00  5.55796767e-01 
 1.75000000e+00  1.19308836e-02  1.75000000e+00  5.56911641e-01 
 1.76000000e+00  1.20197431e-02  1.76000000e+00  5.58025690e-01 
 1.77000000e+00  1.21086108e-02  1.77000000e+00  5.59138919e-01 
 1.78000000e+00  1.21974866e-02  1.78000000e+00  5.60251336e-01 
 1.79000000e+00  1.22863705e-02  1.79000000e+00  5.61362946e-01 
 1.80000000e+00  1.23752624e-02  1.80000000e+00  5.62473755e-01 
 1.81000000e+00  1.24641623e-02  1.81000000e+00  5.63583771e-01 
 1.82000000e+00  1.25530700e-02  1.82000000e+00  5.64692999e-01 
 1.83000000e+00  1.26419855e-02  1.83000000e+00  5.65801445e-01 
 1.84000000e+00  1.27309088e-02  1.84000000e+00  5.66909116e-01 
 1.85000000e+00  1.28198398e-02  1.85000000e+00  5.68016017e-01 
 1.86000000e+00  1.29087785e-02  1.86000000e+00  5.69122153e-01 
 1.87000000e+00  1.29977247e-02  1.87000000e+00  5.70227532e-01 
 1.88000000e+00  1.30866784e-02  1.88000000e+00  5.71332158e-01 
 1.89000000e+00  1.31756396e-02  1.89000000e+00  5.72436038e-01 
 1.90000000e+00  1.32646082e-02  1.90000000e+00  5.73539176e-01 
 1.91000000e+00  1.33535842e-02  1.91000000e+00  5.74641579e-01 
 1.92000000e+00  1.34425675e-02  1.92000000e+00  5.75743252e-01 
 1.93000000e+00  1.35315580e-02  1.93000000e+00  5.76844200e-01 
 1.94000000e+00  1.36205557e-02  1.94000000e+00  5.77944428e-01 
 1.95000000e+00  1.37095606e-02  1.95000000e+00  5.79043943e-01 
 1.96000000e+00  1.37985725e-02  1.96000000e+00  5.80142749e-01 
 1.97000000e+00  1.38875915e-02  1.97000000e+00  5.81240852e-01 
 1.98000000e+00  1.39766174e-02  1.98000000e+00  5.82338256e-01 
 1.99000000e+00  1.40656503e-02  1.99000000e+00  5.83434966e-01 
 2.00000000e+00  1.41546901e-02  2.00000000e+00  5.84530989e-01 
